N m C such that |theta-z|<C*(2^-m/sqrt(N))
1 7 1.18265682559601e9
1 8 5.28948705854784e8
1 9 3.62883929464469e8
1 10 2.88071534239509e8
1 11 2.43259422991071e8
1 12 2.10062771440150e8
1 13 1.81803454324887e8
1 14 1.56301947147083e8
1 15 1.33268685284200e8
1 16 1.13044251807191e8
1 17 9.59560224321869e7
1 18 8.20569544345787e7
1 19 7.11034667573858e7
1 20 6.26520944915002e7
1 21 5.61838268914935e7
1 22 5.12034738133607e7
1 23 4.72961318468551e7
1 24 4.41451447813068e7
1 25 4.15250878078306e7
1 26 3.92833351580345e7
1 27 3.73196995878347e7
1 28 3.55690624246969e7
1 29 3.39885460324375e7
1 30 3.25489250689074e7
1 31 3.12292704423407e7
1 32 3.00137726673643e7
1 33 2.88899122905672e7
1 34 2.78474116958950e7
1 35 2.68776208167040e7
1 36 2.59731385372889e7
1 37 2.51275626460821e7
1 38 2.43353123915366e7
1 39 2.35914947478117e7
1 40 2.28917991937412e7
1 41 2.22324125867280e7
1 42 2.16099490810990e7
1 43 2.10213917783586e7
1 44 2.04640437612416e7
1 45 1.99354867517385e7
1 46 1.94335460267673e7
1 47 1.89562605078524e7
1 48 1.85018571539982e7
1 49 1.80687289517381e7
2 5 9.29335851907920e6
2 6 3.72905760133146e6
2 7 2.54132908627425e6
2 8 1.98824317573152e6
2 9 1.61765595255472e6
2 10 1.31969880807540e6
2 11 1.06804115750462e6
2 12 859688.302806936
2 13 694662.818935582
2 14 569778.863176931
2 15 478525.853905250
2 16 413001.550419584
2 17 365767.391820480
2 18 330866.880336574
2 19 304047.708995030
2 20 282517.399274069
2 21 264543.004943854
2 22 249079.130261441
2 23 235492.889282508
2 24 223386.918751474
2 25 212495.875395680
2 26 202629.717053798
2 27 193643.697230793
2 28 185422.499107315
2 29 177871.509090708
2 30 170911.643343962
2 31 164475.988086941
2 32 158507.430857398
2 33 152956.888034637
2 34 147781.927721024
2 35 142945.675243532
2 36 138415.930768390
2 37 134164.450796466
2 38 130166.358509821
2 39 126399.656608768
2 40 122844.822385450
2 41 119484.469265186
2 42 116303.062421079
2 43 113286.678643356
2 44 110422.802631707
2 45 107700.153424089
2 46 105108.535885658
2 47 102638.713135848
2 48 100282.296548632
2 49 98031.6505651980
3 4 1.53275307253174e6
3 5 479657.332912896
3 6 314545.130972720
3 7 238825.561504563
3 8 187056.957236587
3 9 146094.033831629
3 10 113384.694592689
3 11 88353.6242240246
3 12 70153.0468133353
3 13 57434.5979325710
3 14 48702.0075533188
3 15 42646.3273739129
3 16 38294.2105091625
3 17 35001.7204097294
3 18 32376.6314586256
3 19 30191.6352755278
3 20 28316.6802679494
3 21 26675.2365774823
3 22 25219.2791450857
3 23 23916.1093396945
3 24 22741.7288267299
3 25 21677.5259256001
3 26 20708.5463388119
3 27 19822.5096927849
3 28 19009.1888217269
3 29 18259.9807166266
3 30 17567.5907542625
3 31 16925.7913046190
3 32 16329.2329990858
3 33 15773.2950311896
3 34 15253.9651663044
3 35 14767.7427366556
3 36 14311.5596251954
3 37 13882.7154581568
3 38 13478.8241108947
3 39 13097.7692877451
3 40 12737.6674294716
3 41 12396.8365757910
3 42 12073.7700966288
3 43 11767.1144264968
3 44 11475.6501079056
3 45 11198.2755839424
3 46 10933.9932858451
3 47 10681.8976451773
3 48 10441.1647269877
3 49 10211.0432338690
4 4 202622.100787704
4 5 108823.492327131
4 6 77745.9265252365
4 7 58793.5820174862
4 8 44531.5841504160
4 9 33559.7853754330
4 10 25485.8514847402
4 11 19856.5444058528
4 12 16080.5692487724
4 13 13574.4344065603
4 14 11873.1899756657
4 15 10658.9570096707
4 16 9737.06925641830
4 17 8996.70981330254
4 18 8376.86155179008
4 19 7843.50124089834
4 20 7376.51102783531
4 21 6962.90139922600
4 22 6593.51289722159
4 23 6261.43782596480
4 24 5961.23660168614
4 25 5688.51248968277
4 26 5439.65292792646
4 27 5211.65538684803
4 28 5002.00170286413
4 29 4808.56357113354
4 30 4629.52973722237
4 31 4463.34903296643
4 32 4308.68529901296
4 33 4164.38137651387
4 34 4029.43010278500
4 35 3902.95077006143
4 36 3784.16988305985
4 37 3672.40532649508
4 38 3567.05325776744
4 39 3467.57719282936
4 40 3373.49886871081
4 41 3284.39055419977
4 42 3199.86854780562
4 43 3119.58765449256
4 44 3043.23647349709
4 45 2970.53336159147
4 46 2901.22296147367
4 47 2835.07320508697
4 48 2771.87271775817
4 49 2711.42856197186
5 3 349904.711723855
5 4 67039.3124009262
5 5 41693.8575779344
5 6 30178.6249166471
5 7 22296.3131486064
5 8 16400.4526657538
5 9 12125.8553340765
5 10 9198.69639497979
5 11 7282.33889508540
5 12 6046.32464545836
5 13 5230.78564869626
5 14 4662.16169528803
5 15 4237.37261316144
5 16 3899.71074331948
5 17 3618.96328704882
5 18 3378.71104581434
5 19 3169.38120690651
5 20 2984.81590119992
5 21 2820.67058193018
5 22 2673.66975851642
5 23 2541.24094308422
5 24 2421.31398527373
5 25 2312.19677498957
5 26 2212.49041144993
5 27 2121.02766227246
5 28 2036.82673011151
5 29 1959.05578780352
5 30 1887.00538505167
5 31 1820.06673925959
5 32 1757.71449127818
5 33 1699.49288887233
5 34 1645.00462818358
5 35 1593.90177509022
5 36 1545.87832778114
5 37 1500.66408452103
5 38 1458.01955697804
5 39 1417.73172687734
5 40 1379.61048724829
5 41 1343.48564278316
5 42 1309.20436944096
5 43 1276.62905330851
5 44 1245.63544426634
5 45 1216.11107222826
5 46 1187.95388339828
5 47 1161.07106169252
5 48 1135.37800664401
5 49 1110.79744407553
6 3 86836.0965736001
6 4 31694.2479746121
6 5 20833.1236318815
6 6 14948.6003023177
6 7 10778.8977723980
6 8 7768.39589828723
6 9 5707.24737753046
6 10 4371.53428263879
6 11 3529.99756441035
6 12 2993.38966411475
6 13 2633.02702932015
6 14 2372.44322836459
6 15 2170.13828567591
6 16 2004.55196345731
6 17 1864.35034907742
6 18 1743.15150214119
6 19 1636.96824472827
6 20 1543.04522354098
6 21 1459.33432619436
6 22 1384.24388636108
6 23 1316.50418619252
6 24 1255.08535241604
6 25 1199.14189494732
6 26 1147.97282683223
6 27 1100.99195786689
6 28 1057.70529473932
6 29 1017.69359497606
6 30 980.598741976916
6 31 946.112996280842
6 32 913.970438114583
6 33 883.940097028696
6 34 855.820392894844
6 35 829.434605242277
6 36 804.627155636751
6 37 781.260537824600
6 38 759.212767678910
6 39 738.375253081617
6 40 718.651005217144
6 41 699.953129097630
6 42 682.203543753975
6 43 665.331892333467
6 44 649.274610021233
6 45 633.974123751111
6 46 619.378162466678
6 47 605.439160517041
6 48 592.113739838428
6 49 579.362259044735
7 3 39489.8909592574
7 4 18174.7133971140
7 5 12191.1883006682
7 6 8612.38473986316
7 7 6081.35666104815
7 8 4328.56269335810
7 9 3186.15097057549
7 10 2475.06463867640
7 11 2036.00637718442
7 12 1754.41668408438
7 13 1560.15854225830
7 14 1414.88088098383
7 15 1298.93451796627
7 16 1202.34024901729
7 17 1119.74723581677
7 18 1047.97525290140
7 19 984.910593449971
7 20 929.022296030313
7 21 879.140601218081
7 22 834.343629101417
7 23 793.890867159113
7 24 757.179436405331
7 25 723.713203314090
7 26 693.080071830801
7 27 664.934892863109
7 28 638.986395532725
7 29 614.987068001435
7 30 592.725237079401
7 31 572.018808189417
7 32 552.710273217158
7 33 534.662696416681
7 34 517.756461880210
7 35 501.886619171352
7 36 486.960702597461
7 37 472.896928367891
7 38 459.622695387215
7 39 447.073331651092
7 40 435.191040551474
7 41 423.924010861793
7 42 413.225661487195
7 43 403.053997758861
7 44 393.371060514332
7 45 384.142452726315
7 46 375.336931236726
7 47 366.926053383401
7 48 358.883870097643
7 49 351.186658495759
8 3 22715.7452509176
8 4 11747.8036671138
8 5 7913.47904256483
8 6 5495.56845350614
8 7 3815.94939514982
8 8 2699.13043203805
8 9 2000.33425955325
8 10 1577.49977483087
8 11 1318.26606318275
8 12 1149.42590790571
8 13 1029.61299055268
8 14 937.533917521192
8 15 862.642168120218
8 16 799.572147296328
8 17 745.337557022744
8 18 698.065332363312
8 19 656.451990037918
8 20 619.526117241487
8 21 586.534508599893
8 22 556.879340612035
8 23 530.078647914783
8 24 505.739170480004
8 25 483.536747680783
8 26 463.201757643998
8 27 444.508105322469
8 28 427.264778668420
8 29 411.309297786539
8 30 396.502579240245
8 31 382.724871131112
8 32 369.872507215183
8 33 357.855293776041
8 34 346.594389873561
8 35 336.020575605719
8 36 326.072827974684
8 37 316.697142444625
8 38 307.845552122144
8 39 299.475306946185
8 40 291.548183239200
8 41 284.029900087785
8 42 276.889623753563
8 43 270.099545003143
8 44 263.634517139550
8 45 257.471744802353
8 46 251.590515418784
8 47 245.971966638455
8 48 240.598884249408
8 49 235.455526014237
9 3 14898.2081656392
9 4 8231.99000557789
9 5 5524.48232804650
9 6 3773.52594599175
9 7 2586.76045103474
9 8 1826.60655680173
9 9 1366.54026540466
9 10 1093.31996011961
9 11 925.476177253465
9 12 813.958947164845
9 13 732.745378917010
9 14 669.009466785490
9 15 616.497818973642
9 16 571.971143186947
9 17 533.546970935539
9 18 499.989538501188
9 19 470.411135775867
9 20 444.138733608622
9 21 420.646153224863
9 22 399.514078618229
9 23 380.403691883255
9 24 363.038103671698
9 25 347.188790396962
9 26 332.665468665288
9 27 319.308416300780
9 28 306.982573396026
9 29 295.572959132850
9 30 284.981074089761
9 31 275.122049340086
9 32 265.922367531874
9 33 257.318026396572
9 34 249.253047618631
9 35 241.678257597470
9 36 234.550283968115
9 37 227.830724612071
9 38 221.485455530495
9 39 215.484051241228
9 40 209.799296919979
9 41 204.406775778818
9 42 199.284518484303
9 43 194.412703998656
9 44 189.773403254193
9 45 185.350358672789
9 46 181.128793815522
9 47 177.095248465704
9 48 173.237435267060
9 49 169.544114700249
10 2 644014.815970230
10 3 10630.3941675348
10 4 6110.77204326916
10 5 4069.12034582655
10 6 2737.53610683598
10 7 1858.95288030783
10 8 1314.76500422346
10 9 994.110788327558
10 10 805.801139837308
10 11 689.182870852245
10 12 610.036410341153
10 13 551.095629581896
10 14 504.102603810714
10 15 465.038937925783
10 16 431.764809220694
10 17 402.983302359789
10 18 377.812136577908
10 19 355.603800008614
10 20 335.862131050062
10 21 318.197289528653
10 22 302.297815569883
10 23 287.911641884696
10 24 274.832526291208
10 25 262.890078803448
10 26 251.942293125577
10 27 241.869872235451
10 28 232.571863294591
10 29 223.962262201715
10 30 215.967345418590
10 31 208.523553585761
10 32 201.575798231080
10 33 195.076096073883
10 34 188.982459292508
10 35 183.257987481393
10 36 177.870119789408
10 37 172.790015215140
10 38 167.992036148783
10 39 163.453315634383
10 40 159.153392935587
10 41 155.073905149396
10 42 151.198325062734
10 43 147.511737359228
10 44 144.000646786500
10 45 140.652813082667
10 46 137.457108406174
10 47 134.403393769460
10 48 131.482411585386
10 49 128.685691927326
11 2 65893.0760258101
11 3 8042.94497845842
11 4 4735.43442228063
11 5 3122.55544200461
11 6 2072.43114430731
11 7 1398.07166803907
11 8 992.634738340448
11 9 758.764195103286
11 10 622.146448959147
11 11 536.531325183060
11 12 477.208822479460
11 13 432.200427149069
11 14 395.886448424491
11 15 365.509494599667
11 16 339.553380592203
11 17 317.064147733917
11 18 297.375129056737
11 19 279.989904454652
11 20 264.525487147615
11 21 250.679987611038
11 22 238.211784564368
11 23 226.925093801349
11 24 216.659567134595
11 25 207.282617311504
11 26 198.683658500717
11 27 190.769724268269
11 28 183.462092889936
11 29 176.693659707086
11 30 170.406870440142
11 31 164.552080542624
11 32 159.086241534124
11 33 153.971840728676
11 34 149.176039110491
11 35 144.669965459807
11 36 140.428134659258
11 37 136.427965419342
11 38 132.649378148001
11 39 129.074457845045
11 40 125.687170076341
11 41 122.473120526337
11 42 119.419350522792
11 43 116.514162407880
11 44 113.746969793740
11 45 111.108168661443
11 46 108.589025995304
11 47 106.181583231208
11 48 103.878572269803
11 49 101.673342187384
12 2 31735.1715323485
12 3 6352.09601233456
12 4 3793.28908674433
12 5 2474.72516198713
12 6 1623.02265486416
12 7 1090.27629974521
12 8 778.289952987036
12 9 601.287250334658
12 10 497.968733291323
12 11 432.308032693213
12 12 385.926978941462
12 13 350.194850583534
12 14 321.104626002145
12 15 296.659451408673
12 16 275.724547547928
12 17 257.562975394532
12 18 241.649321497934
12 19 227.588426966156
12 20 215.074034591736
12 21 203.864196970678
12 22 193.765009421163
12 23 184.619197114476
12 24 176.297844531800
12 25 168.694276899668
12 26 161.719461819755
12 27 155.298506783246
12 28 149.367959280622
12 29 143.873702790652
12 30 138.769300652533
12 31 134.014680399478
12 32 129.575079602527
12 33 125.420194526404
12 34 121.523487488946
12 35 117.861619448590
12 36 114.413982178092
12 37 111.162310212640
12 38 108.090357140486
12 39 105.183624124139
12 40 102.429131077621
12 41 99.8152228799448
12 42 97.3314045218811
12 43 94.9682002685283
12 44 92.7170328527072
12 45 90.5701194524133
12 46 88.5203817933872
12 47 86.5613681886160
12 48 84.6871857055999
12 49 82.8924409589460
13 2 19953.9579680692
13 3 5183.09629119256
13 4 3119.34238638272
13 5 2012.91353811016
13 6 1306.56723048354
13 7 875.666453965997
13 8 629.091198439960
13 9 490.956950984854
13 10 410.109599925939
13 11 357.952974941208
13 12 320.464598619301
13 13 291.220491054950
13 14 267.247877904723
13 15 247.035042964455
13 16 229.695331104247
13 17 214.637759537750
13 18 201.434668651286
13 19 189.762159520692
13 20 179.368401990150
13 21 170.054119351567
13 22 161.659434681074
13 23 154.054565002929
13 24 147.133053214767
13 25 140.806751936028
13 26 135.002049202114
13 27 129.656990960813
13 28 124.719061133136
13 29 120.143450341580
13 30 115.891692247186
13 31 111.930579542122
13 32 108.231294899713
13 33 104.768708742804
13 34 101.520807630064
13 35 98.4682257678035
13 36 95.5938585750881
13 37 92.8825420112781
13 38 90.3207849696154
13 39 87.8965447666875
13 40 85.5990378424569
13 41 83.4185793924422
13 42 81.3464469012916
13 43 79.3747635224779
13 44 77.4963980165743
13 45 75.7048785685631
13 46 73.9943182889910
13 47 72.3593505918181
13 48 70.7950729543475
13 49 69.2969978176389
14 2 14167.1965040550
14 3 4338.62976094409
14 4 2620.12901499202
14 5 1672.57012519780
14 6 1076.03725534590
14 7 720.612598196248
14 8 521.312072332264
14 9 410.696011722610
14 10 345.612851165774
14 11 302.982527382035
14 12 271.865011984056
14 13 247.342167323172
14 14 227.132345853523
14 15 210.048370718808
14 16 195.373446323025
14 17 182.619633383946
14 18 171.429897635350
14 19 161.532464620951
14 20 152.715539602184
14 21 144.811312800011
14 22 137.685033878979
14 23 131.227238202548
14 24 125.348078695334
14 25 119.973119100357
14 26 115.040165613425
14 27 110.496849389217
14 28 106.298760147810
14 29 102.407989668493
14 30 98.7919838575891
14 31 95.4226297214384
14 32 92.2755230130866
14 33 89.3293761731992
14 34 86.5655361803893
14 35 83.9675892212658
14 36 81.5210344726027
14 37 79.2130132987277
14 38 77.0320831841036
14 39 74.9680280104249
14 40 73.0116980392262
14 41 71.1548743117358
14 42 69.3901532269479
14 43 67.7108478795940
14 44 66.1109033858677
14 45 64.5848239366850
14 46 63.1276097262400
14 47 61.7347022305695
14 48 60.4019365742714
14 49 59.1254999368517
15 2 10803.2736108040
15 3 3706.80880319678
15 4 2239.58815014804
15 5 1414.71323923563
15 6 903.265582265106
15 7 605.198046578077
15 8 441.001488469416
15 9 350.458122682399
15 10 296.803265832688
15 11 261.130983001634
15 12 234.737418753006
15 13 213.763348972678
15 14 196.405694742707
15 15 181.703397913806
15 16 169.060969449752
15 17 158.066119222502
15 18 148.414629916098
15 19 139.874069227228
15 20 132.262982904027
15 21 125.437452565510
15 22 119.281825280418
15 23 113.702090802788
15 24 108.621043637406
15 25 103.974688480884
15 26 99.7095306766111
15 27 95.7805073315399
15 28 92.1493890391224
15 29 88.7835318762921
15 30 85.6548932705209
15 31 82.7392488628886
15 32 80.0155640511809
15 33 77.4654857056816
15 34 75.0729280765341
15 35 72.8237331387260
15 36 70.7053902176771
15 37 68.7068031658832
15 38 66.8180959405751
15 39 65.0304493907452
15 40 63.3359635610275
15 41 61.7275409764108
15 42 60.1987872704837
15 43 58.7439262231489
15 44 57.3577268276320
15 45 56.0354404455792
15 46 54.7727464589785
15 47 53.5657051081781
15 48 52.4107164313712
15 49 51.3044844040612
16 2 8639.75396717109
16 3 3220.33438271642
16 4 1942.47590780330
16 5 1214.74117852810
16 6 770.626137061520
16 7 517.087111525736
16 8 379.567731910646
16 9 304.045930843737
16 10 258.912203217871
16 11 228.473866470186
16 12 205.685127852695
16 13 187.451262408396
16 14 172.311031218812
16 15 159.466531809590
16 16 148.412021078629
16 17 138.792548309752
16 18 130.344524869710
16 19 122.865993166382
16 20 116.199071843208
16 21 110.218431388528
16 22 104.823290457906
16 23 99.9316812181507
16 24 95.4762541460478
16 25 91.4011581469550
16 26 87.6596871039260
16 27 84.2124817478114
16 28 81.0261397456421
16 29 78.0721298257407
16 30 75.3259350774395
16 31 72.7663709141039
16 32 70.3750375195275
16 33 68.1358768251849
16 34 66.0348114548538
16 35 64.0594484728220
16 36 62.1988347600896
16 37 60.4432538180564
16 38 58.7840560392558
16 39 57.2135161861374
16 40 55.7247131218670
16 41 54.3114278426683
16 42 52.9680566429367
16 43 51.6895368562483
16 44 50.4712830974842
16 45 49.3091323134802
16 46 48.1992962543834
16 47 47.1383202222895
16 48 46.1230471507530
16 49 45.1505862283949
17 2 7149.91605416990
17 3 2836.73330235174
17 4 1705.74680006252
17 5 1056.53932939809
17 6 666.671789633063
17 7 448.343000899484
17 8 331.507280478986
17 9 267.479419632212
17 10 228.855293053896
17 11 202.454181689652
17 12 182.483739060789
17 13 166.414167841292
17 14 153.035167316199
17 15 141.670174348871
17 16 131.881841019637
17 17 123.359840515358
17 18 115.872578408467
17 19 109.242223394929
17 20 103.329599275330
17 21 98.0241436204502
17 22 93.2368976792956
17 23 88.8954724842613
17 24 84.9403620437913
17 25 81.3221993774670
17 26 77.9996852921470
17 27 74.9380049764961
17 28 72.1076034281101
17 29 69.4832282928420
17 30 67.0431743807775
17 31 64.7686819645530
17 32 62.6434535380300
17 33 60.6532626908172
17 34 58.7856352437037
17 35 57.0295875349309
17 36 55.3754102534440
17 37 53.8144888319772
17 38 52.3391533839063
17 39 50.9425526655140
17 40 49.6185476926993
17 41 48.3616215269553
17 42 47.1668024342788
17 43 46.0295981600345
17 44 44.9459394878833
17 45 43.9121315879643
17 46 42.9248119283969
17 47 41.9809137398312
17 48 41.0776341966737
17 49 40.2124066195495
18 2 6071.77379858076
18 3 2528.10700577511
18 4 1513.82039544551
18 5 929.211373426649
18 6 583.727456131652
18 7 393.689126299799
18 8 293.173414140223
18 9 238.112801754332
18 10 204.567818211928
18 11 181.348915540271
18 12 163.627823239328
18 13 149.300922350749
18 14 137.346627718735
18 15 127.181016175413
18 16 118.420187078555
18 17 110.789317895591
18 18 104.082512046894
18 19 98.1413967859015
18 20 92.8419092530420
18 21 88.0854295799137
18 22 83.7925662566141
18 23 79.8986857612138
18 24 76.3506353449880
18 25 73.1043022240123
18 26 70.1227701108372
18 27 67.3749091880881
18 28 64.8342851053030
18 29 62.4783058482970
18 30 60.2875480950944
18 31 58.2452204958459
18 32 56.3367324711573
18 33 54.5493450944574
18 34 52.8718863891162
18 35 51.2945175881610
18 36 49.8085400220553
18 37 48.4062346276681
18 38 47.0807278255766
18 39 45.8258788461102
18 40 44.6361846062933
18 41 43.5066990288983
18 42 42.4329643086162
18 43 41.4109521110904
18 44 40.4370130695468
18 45 39.5078332443583
18 46 38.6203964507189
18 47 37.7719515520200
18 48 36.9599839717077
18 49 36.1821908022020
19 2 5261.41959825159
19 3 2275.50092630944
19 4 1355.85693338009
19 5 825.184218849271
19 6 516.502806984316
19 7 349.516148782186
19 8 262.077640060885
19 9 214.133862946842
19 10 184.626031432189
19 11 163.962874082580
19 12 148.069208547382
19 13 135.168929858267
19 14 124.385457381669
19 15 115.207231984015
19 16 107.293020393217
19 17 100.396782342319
19 18 94.3336135258115
19 19 88.9610884775365
19 20 84.1675482546665
19 21 79.8641822142323
19 22 75.9794613842061
19 23 72.4551287091636
19 24 69.2432571185743
19 25 66.3040570777947
19 26 63.6042198190651
19 27 61.1156495125501
19 28 58.8144818609603
19 29 56.6803163642412
19 30 54.6956098814575
19 31 52.8451932917528
19 32 51.1158830562567
19 33 49.4961666309581
19 34 47.9759458527811
19 35 46.5463262061921
19 36 45.1994426770124
19 37 43.9283149909345
19 38 42.7267266103434
19 39 41.5891230614717
19 40 40.5105260826176
19 41 39.4864607938418
19 42 38.5128936407668
19 43 37.5861792977190
19 44 36.7030150565872
19 45 35.8604014984181
19 46 35.0556084607520
19 47 34.2861454870154
19 48 33.5497360841020
19 49 32.8442952276241
20 2 4633.79708232016
20 3 2065.65949710757
20 4 1224.12494006400
20 5 739.066699497352
20 6 461.261882712889
20 7 313.292747219877
20 8 236.477497699649
20 9 194.268491645096
20 10 168.022490514426
20 11 149.445814397857
20 12 135.059834091557
20 13 123.344364533745
20 14 113.536401511780
20 15 105.182052678085
20 16 97.9747755503783
20 17 91.6922398941596
20 18 86.1669419238667
20 19 81.2697092991906
20 20 76.8992035259489
20 21 72.9747810084838
20 22 69.4314622479371
20 23 66.2163039642848
20 24 63.2857354589362
20 25 60.6035724551234
20 26 58.1395154861253
20 27 55.8680002949599
20 28 53.7673075912061
20 29 51.8188663738091
20 30 50.0067034353128
20 31 48.3170044717866
20 32 46.7377612635880
20 33 45.2584858576432
20 34 43.8699773622255
20 35 42.5641303916750
20 36 41.3337767335624
20 37 40.1725537048829
20 38 39.0747940921291
20 39 38.0354336564359
20 40 37.0499330180139
20 41 36.1142113777568
20 42 35.2245900348842
20 43 34.3777440520490
20 44 33.5706607289700
20 45 32.8006037913523
20 46 32.0650823979787
20 47 31.3618242262582
20 48 30.6887520235244
20 49 30.0439631143607
21 2 4135.70747959940
21 3 1889.07784036889
21 4 1112.98848462055
21 5 666.939041841644
21 6 415.309374998362
21 7 283.204023416288
21 8 215.124821640317
21 9 177.600065822042
21 10 154.027986337018
21 11 137.179351520403
21 12 124.054109962282
21 13 113.335088801877
21 14 104.349786496361
21 15 96.6910780447048
21 16 90.0810756408727
21 17 84.3172534328085
21 18 79.2467158358286
21 19 74.7514403183440
21 20 70.7387794024282
21 21 67.1349711143743
21 22 63.8805570442231
21 23 60.9270750260939
21 24 58.2346293352179
21 25 55.7700779672896
21 26 53.5056615394044
21 27 51.4179531818603
21 28 49.4870450396743
21 29 47.6959114366641
21 30 46.0299055066232
21 31 44.4763577592057
21 32 43.0242532841215
21 33 41.6639701896794
21 34 40.3870661388412
21 35 39.1861029710840
21 36 38.0545017112776
21 37 36.9864219954491
21 38 35.9766612472220
21 39 35.0205699307659
21 40 34.1139799670089
21 41 33.2531439879698
21 42 32.4346835618972
21 43 31.6555448807537
21 44 30.9129606846684
21 45 30.2044174226733
21 46 29.5276268284175
21 47 28.8805012335506
21 48 28.2611320576697
21 49 27.6677710079743
22 2 3732.33986791156
22 3 1738.78989326996
22 4 1018.25942817627
22 5 605.897421036900
22 6 376.663429201018
22 7 257.922925638717
22 8 197.107252583481
22 9 163.455574776113
22 10 142.104016121115
22 11 126.704847136644
22 12 114.646401872534
22 13 104.774768995434
22 14 96.4906865584959
22 15 89.4255475811726
22 16 83.3254605671033
22 17 78.0046431443104
22 18 73.3226019368156
22 19 69.1707968678110
22 20 65.4639779127286
22 21 62.1342434992823
22 22 59.1268388878438
22 23 56.3971209125285
22 24 53.9083267975438
22 25 51.6299088360020
22 26 49.5362742581511
22 27 47.6058197487412
22 28 45.8201832490297
22 29 44.1636580552518
22 30 42.6227295743728
22 31 41.1857057894177
22 32 39.8424200397932
22 33 38.5839901280264
22 34 37.4026216806670
22 35 36.2914465602845
22 36 35.2443892496591
22 37 34.2560557173364
22 38 33.3216404719164
22 39 32.4368484243102
22 40 31.5978288767776
22 41 30.8011194983884
22 42 30.0435985676698
22 43 29.3224440933432
22 44 28.6350986845489
22 45 27.9792392487539
22 46 27.3527507606592
22 47 26.7537034779990
22 48 26.1803330871299
22 49 25.6310233481039
23 2 3400.05682809320
23 3 1609.59100076194
23 4 936.771836025966
23 5 553.754383909134
23 6 343.841789145912
23 7 236.461897654211
23 8 181.745719918353
23 9 151.331815206538
23 10 131.845753575152
23 11 117.676169645375
23 12 106.529927419825
23 13 97.3860583191525
23 14 89.7054011252613
23 15 83.1515084200391
23 16 77.4908271488457
23 17 72.5518821097621
23 18 68.2048144257240
23 19 64.3492266301397
23 20 60.9062254254805
23 21 57.8129474980622
23 22 55.0186834124330
23 23 52.4820755237605
23 24 50.1690571414665
23 25 48.0513136882214
23 26 46.1051178256802
23 27 44.3104366433466
23 28 42.6502395554320
23 29 41.1099561666338
23 30 39.6770475161161
23 31 38.3406639684354
23 32 37.0913699882543
23 33 35.9209210248294
23 34 34.8220813478168
23 35 33.7884743256288
23 36 32.8144585998227
23 37 31.8950250764258
23 38 31.0257107625679
23 39 30.2025263198041
23 40 29.4218948524224
23 41 28.6805999492509
23 42 27.9757413870580
23 43 27.3046972091125
23 44 26.6650911335491
23 45 26.0547644375952
23 46 25.4717516165834
23 47 24.9142592394257
23 48 24.3806475213193
23 49 23.8694142148432
24 2 3122.30381593376
24 3 1497.52549667813
24 4 866.095596701362
24 5 508.837200690639
24 6 315.718753918450
24 7 218.074296450661
24 8 168.526504122475
24 9 140.846368963601
24 10 122.943968986042
24 11 109.827993377918
24 12 99.4690832404501
24 13 90.9557672143624
24 14 83.7988276727724
24 15 77.6889948580758
24 16 72.4101375568287
24 17 67.8031218264448
24 18 63.7472887652058
24 19 60.1492936756114
24 20 56.9357525917785
24 21 54.0481706632894
24 22 51.4393471717238
24 23 49.0707750432032
24 24 46.9107273848302
24 25 44.9328281145061
24 26 43.1149695649483
24 27 41.4384826161949
24 28 39.8874931934477
24 29 38.4484180639160
24 30 37.1095659779359
24 31 35.8608193403257
24 32 34.6933780604652
24 33 33.5995518583370
24 34 32.5725906592240
24 35 31.6065451695694
24 36 30.6961515486396
24 37 29.8367354536306
24 38 29.0241317647683
24 39 28.2546170803430
24 40 27.5248526729143
24 41 26.8318360629554
24 42 26.1728597284591
24 43 25.5454757531225
24 44 24.9474654399704
24 45 24.3768130953563
24 46 23.8316833305156
24 47 23.3104013420849
24 48 22.8114357252257
24 49 22.3333834478296
25 2 2887.17808105048
25 3 1399.54072072249
25 4 804.339552457332
25 5 469.849295354515
25 6 291.427489442490
25 7 202.187475354322
25 8 157.055223152913
25 9 131.704314224165
25 10 115.159038227028
25 11 102.954061680647
25 12 93.2804149544522
25 13 85.3177628304967
25 14 78.6188665518046
25 15 72.8976726981260
25 16 67.9531144353456
25 17 63.6367932881872
25 18 59.8360729360090
25 19 56.4637652084336
25 20 53.4512980017036
25 21 50.7439933596478
25 22 48.2977172410360
25 23 46.0764547169496
25 24 44.0505250054269
25 25 42.1952475908740
25 26 40.4899317978815
25 27 38.9171018651913
25 28 37.4618958780238
25 29 36.1115946920796
25 30 34.8552491917544
25 31 33.6833827399430
25 32 32.5877516989520
25 33 31.5611512167655
25 34 30.5972566016649
25 35 29.6904929024636
25 36 28.8359270115634
25 37 28.0291778799518
25 38 27.2663413936232
25 39 26.5439271922706
25 40 25.8588052725663
25 41 25.2081606526699
25 42 24.5894547129888
25 43 24.0003920936407
25 44 23.4388922386074
25 45 22.9030648429971
25 46 22.3911885927822
25 47 21.9016926931726
25 48 21.4331407680156
25 49 20.9842167825897
26 2 2685.92563062831
26 3 1313.24833663972
26 4 750.013536504156
26 5 435.773227209301
26 6 270.292048182243
26 7 188.356479396263
26 8 147.025047337842
26 9 123.675165180157
26 10 108.302848414491
26 11 96.8919896632679
26 12 87.8192779127885
26 13 80.3409664801862
26 14 74.0454679474818
26 15 68.6667532145369
26 16 64.0168909620968
26 17 59.9568921452734
26 18 56.3811667622257
26 19 53.2079388032471
26 20 50.3728683132745
26 21 47.8246355766208
26 22 45.5218055258996
26 23 43.4305571375007
26 24 41.5230113039080
26 25 39.7759808368136
26 26 38.1700232842831
26 27 36.6887142987803
26 28 35.3180838799194
26 29 34.0461744326908
26 30 32.8626910000551
26 31 31.7587219947622
26 32 30.7265143910588
26 33 29.7592913760931
26 34 28.8511033905842
26 35 27.9967056372164
26 36 27.1914567278572
26 37 26.4312343325824
26 38 25.7123645936350
26 39 25.0315627530804
26 40 24.3858829693854
26 41 23.7726757054693
26 42 23.1895513881733
26 43 22.6343492880990
26 44 22.1051107653750
26 45 21.6000561830855
26 46 21.1175649148780
26 47 20.6561579735047
26 48 20.2144828680098
26 49 19.7913003629714
27 2 2511.98008447443
27 3 1236.75646299464
27 4 701.929995316837
27 5 405.801603532655
27 6 251.779247442840
27 7 176.231438584136
27 8 138.194346079939
27 9 116.576605712912
27 10 102.225973267726
27 11 91.5124505425718
27 12 82.9703235602459
27 13 75.9207834044864
27 14 69.9828065756194
27 15 64.9077850030732
27 16 60.5193273444016
27 17 56.6867481490131
27 18 53.3106867316217
27 19 50.3141554290361
27 20 47.6365602874388
27 21 45.2295550460945
27 22 43.0540950285999
27 23 41.0783027588318
27 24 39.2758955596553
27 25 37.6250097189124
27 26 36.1073092382645
27 27 34.7073019238392
27 28 33.4118086435059
27 29 32.2095471708626
27 30 31.0908027560951
27 31 30.0471650453335
27 32 29.0713162647976
27 33 28.1568593817619
27 34 27.2981777083104
27 35 26.4903194342859
27 36 25.7289020736169
27 37 25.0100329293416
27 38 24.3302425295347
27 39 23.6864286315315
27 40 23.0758088873467
27 41 22.4958806466090
27 42 21.9443866721622
27 43 21.4192857779558
27 44 20.9187275840030
27 45 20.4410307302909
27 46 19.9846640090700
27 47 19.5482299693919
27 48 19.1304506240437
27 49 18.7301549509355
28 2 2360.32986026446
28 3 1168.54952994950
28 4 659.132720816558
28 5 379.287116627946
28 6 235.464070006618
28 7 165.534237394429
28 8 130.370708483842
28 9 110.262824739218
28 10 96.8084340753415
28 11 86.7113570507076
28 12 78.6406064395730
28 13 71.9728869199358
28 14 66.3536032515843
28 15 61.5494219002558
28 16 57.3941586105927
28 17 53.7645010843148
28 18 50.5666284588497
28 19 47.7278143226130
28 20 45.1907997104894
28 21 42.9098863773891
28 22 40.8481589695274
28 23 38.9754716939144
28 24 37.2669645758093
28 25 35.7019535786784
28 26 34.2630891082183
28 27 32.9357101177826
28 28 31.7073427491870
28 29 30.5673071315561
28 30 29.5064060612825
28 31 28.5166763374048
28 32 27.5911885183526
28 33 26.7238844454858
28 34 25.9094444765346
28 35 25.1431782782923
28 36 24.4209344413454
28 37 23.7390252378474
28 38 23.0941636428509
28 39 22.4834103489265
28 40 21.9041289717385
28 41 21.3539480064142
28 42 20.8307283768382
28 43 20.3325356415412
28 44 19.8576160948126
28 45 19.4043761406938
28 46 18.9713644286064
28 47 18.5572563286473
28 48 18.1608403966969
28 49 17.7810065380190
29 2 2227.09076860281
29 3 1107.40092077620
29 4 620.844471879180
29 5 355.705897392604
29 6 221.004429494493
29 7 156.041575399112
29 8 123.399348057223
29 9 104.616024404001
29 10 91.9529439572982
29 11 82.4041251629984
29 12 74.7545174912935
29 13 68.4286452704723
29 14 63.0949452538067
29 15 58.5335708909043
29 16 54.5874215520258
29 17 51.1397688665926
29 18 48.1017454232397
29 19 45.4044373288201
29 20 42.9935705158313
29 21 40.8258174563126
29 22 38.8661696063974
29 23 37.0860322360866
29 24 35.4618199321929
29 25 33.9739056878697
29 26 32.6058239050135
29 27 31.3436585065222
29 28 30.1755678686476
29 29 29.0914121634788
29 30 28.0824582489000
29 31 27.1411439104714
29 32 26.2608879807019
29 33 25.4359362474615
29 34 24.6612355213425
29 35 23.9323300359614
29 36 23.2452756932327
29 37 22.5965686676100
29 38 21.9830856404345
29 39 21.4020335125591
29 40 20.8509068867148
29 41 20.3274519542213
29 42 19.8296356881516
29 43 19.3556194550170
29 44 18.9037363228779
29 45 18.4724714755744
29 46 18.0604452481067
29 47 17.6663983828430
29 48 17.2891791746148
29 49 16.9277322282779
30 2 2109.21077261545
30 3 1052.30852796314
30 4 586.427966614692
30 5 334.630285253664
30 6 208.122522521756
30 7 147.572501542664
30 8 117.154572046101
30 9 99.5401519860811
30 10 87.5799000894674
30 11 78.5214088209126
30 12 71.2500102434900
30 13 65.2317126410036
30 14 60.1551694142645
30 15 55.8125187823921
30 16 52.0547890857991
30 17 48.7711614784692
30 18 45.8772198027851
30 19 43.3074780129828
30 20 41.0103466865691
30 21 38.9446311129644
30 22 37.0770386093898
30 23 35.3803704736797
30 24 33.8321886708271
30 25 32.4138179083182
30 26 31.1095886319181
30 27 29.9062557090998
30 28 28.7925470018254
30 29 27.7588091847823
30 30 26.7967272163220
30 31 25.8991001917629
30 32 25.0596607868327
30 33 24.2729287118598
30 34 23.5340909299978
30 35 22.8389031052904
30 36 22.1836080166826
30 37 21.5648676255034
30 38 20.9797062030189
30 39 20.4254624727525
30 40 19.8997491434104
30 41 19.4004185342801
30 42 18.9255332491781
30 43 18.4733410545622
30 44 18.0422532750610
30 45 17.6308261449521
30 46 17.2377446542684
30 47 16.8618085086943
30 48 16.5019198874457
30 49 16.1570727361204
31 2 2004.26191940599
31 3 1002.44658073707
31 4 555.356477143259
31 5 315.708351624197
31 6 196.590880402175
31 7 139.979125896723
31 8 111.533425240873
31 9 94.9562139061565
31 10 83.6236247495785
31 11 75.0058891212945
31 12 68.0757555932264
31 13 62.3354571057390
31 14 57.4915095770511
31 15 53.3467630418684
31 16 49.7595575673174
31 17 46.6244036301595
31 18 43.8609034221764
31 19 41.4066668816646
31 20 39.2125300864596
31 21 37.2392257526489
31 22 35.4550121614139
31 23 33.8339527254274
31 24 32.3546469101413
31 25 30.9992801356338
31 26 29.7529028804201
31 27 28.6028769722102
31 28 27.5384455135491
31 29 26.5503953911205
31 30 25.6307899214730
31 31 24.7727551976067
31 32 23.9703079599516
31 33 23.2182158716525
31 34 22.5118832976546
31 35 21.8472573168844
31 36 21.2207499059996
31 37 20.6291731389698
31 38 20.0696849314537
31 39 19.5397433809189
31 40 19.0370681545798
31 41 18.5596076878090
31 42 18.1055111978734
31 43 17.6731047079760
31 44 17.2608704268084
31 45 16.8674289482165
31 46 16.4915238310423
31 47 16.1320081959232
31 48 15.7878330378298
31 49 15.4580370034575
32 2 1910.29105155794
32 3 957.129195640426
32 4 527.191413175722
32 5 298.648330813709
32 6 186.221818425995
32 7 133.139618906585
32 8 106.450898043995
32 9 90.7987310642169
32 10 80.0295108990083
32 11 71.8098296530343
32 12 65.1889724699037
32 13 59.7009982693522
32 14 55.0683011203534
32 15 51.1033559425103
32 16 47.6711101581729
32 17 44.6709012891893
32 18 42.0259744635646
32 19 39.6767476055605
32 20 37.5762573139757
32 21 35.6869853687739
32 22 33.9785977831293
32 23 32.4263037413198
32 24 31.0096447296809
32 25 29.7115877902019
32 26 28.5178373616214
32 27 27.4163066056197
32 28 26.3967066998373
32 29 25.4502244889281
32 30 24.5692670841044
32 31 23.7472577319921
32 32 22.9784713343585
32 33 22.2579009149685
32 34 21.5811484469281
32 35 20.9443350087349
32 36 20.3440263910252
32 37 19.7771711404489
32 38 19.2410486806381
32 39 18.7332256485389
32 40 18.2515189673565
32 41 17.7939644739325
32 42 17.3587901496699
32 43 16.9443931857197
32 44 16.5493202566354
32 45 16.1722504907698
32 46 15.8119807168861
32 47 15.4674126397669
32 48 15.1375416568457
32 49 14.8214470759910
33 2 1825.71094717295
33 3 915.782486766033
33 4 501.565055179988
33 5 283.206660374280
33 6 176.859371659099
33 7 126.952878136926
33 8 101.836274279447
33 9 87.0130281617395
33 10 76.7518312901135
33 11 68.8931954803341
33 12 62.5537565391865
33 13 57.2956945245237
33 14 52.8555964399436
33 15 49.0546274756388
33 16 45.7637315251190
33 17 42.8866358286141
33 18 40.3499010831338
33 19 38.0965018974996
33 20 36.0814790081599
33 21 34.2689075254899
33 22 32.6297361066281
33 23 31.1402180816589
33 24 29.7807535413419
33 25 28.5350220400752
33 26 27.3893242339640
33 27 26.3320759984650
33 28 25.3534153560875
33 29 24.4448939168764
33 30 23.5992323658709
33 31 22.8101250063901
33 32 22.0720822484196
33 33 21.3803027172143
33 34 20.7305686811386
33 35 20.1191599844497
33 36 19.5427827740911
33 37 18.9985101363747
33 38 18.4837323846029
33 39 17.9961152154288
33 40 17.5335643182138
33 41 17.0941953054545
33 42 16.6763080537209
33 43 16.2783647183765
33 44 15.8989708227161
33 45 15.5368589313636
33 46 15.1908745050963
33 47 14.8599636044597
33 48 14.5431621662718
33 49 14.2395866231882
34 2 1749.21976809105
34 3 877.923003421578
34 4 478.167125505684
34 5 269.178706189373
34 6 168.373071302135
34 7 121.334424770951
34 8 97.6303193346527
34 9 83.5531397230590
34 10 73.7520400591679
34 11 66.2221916152729
34 12 60.1397801157479
34 13 55.0919656617082
34 14 50.8280870600219
34 15 47.1771909257520
34 16 44.0156847662285
34 17 41.2513027326046
34 18 38.8136341468014
34 19 36.6479899037200
34 20 34.7112425861780
34 21 32.9689239722719
34 22 31.3931555695013
34 23 29.9611456366396
34 24 28.6540796250943
34 25 27.4562889106310
34 26 26.3546196504911
34 27 25.3379477246480
34 28 24.3968017784186
34 29 23.5230672660230
34 30 22.7097518907099
34 31 21.9507980784499
34 32 21.2409318380769
34 33 20.5755400290031
34 34 19.9505699964641
34 35 19.3624469586850
34 36 18.8080055876983
34 37 18.2844330179796
34 38 17.7892211163377
34 39 17.3201263035521
34 40 16.8751355696132
34 41 16.4524375965803
34 42 16.0503981153713
34 43 15.6675387895246
34 44 15.3025190507363
34 45 14.9541204157437
34 46 14.6212328979011
34 47 14.3028431941523
34 48 13.9980243825414
34 49 13.7059269096190
35 2 1679.74065384760
35 3 843.140898848800
35 4 456.734250428077
35 5 256.391505503703
35 6 160.653097957565
35 7 116.213216905906
35 8 93.7830947570677
35 9 80.3801772171251
35 10 70.9974438690478
35 11 63.7681170637090
35 12 57.9212717060661
35 13 53.0663682599624
35 14 48.9642569462959
35 15 45.4511616184493
35 16 42.4084861252210
35 17 39.7476347831412
35 18 37.4009728178579
35 19 35.3159531962856
35 20 33.4511284781753
35 21 31.7733666166985
35 22 30.2558651471782
35 23 28.8767085657746
35 24 27.6178030714339
35 25 26.4640783137806
35 26 25.4028811983387
35 27 24.4235099175351
35 28 23.5168517688964
35 29 22.6750987560109
35 30 21.8915221568445
35 31 21.1602922718437
35 32 20.4763331294766
35 33 19.8352044874144
35 34 19.2330053284614
35 35 18.6662944177535
35 36 18.1320245029100
35 37 17.6274874997624
35 38 17.1502685818166
35 39 16.6982075306035
35 40 16.2693660416056
35 41 15.8619999419145
35 42 15.4745354797590
35 43 15.1055490062560
35 44 14.7537494963624
35 45 14.4179634567005
35 46 14.0971218484509
35 47 13.7902487182606
35 48 13.4964512824415
35 49 13.2149112522499
36 2 1616.37586621914
36 3 811.086674097045
36 4 437.041621390650
36 5 244.698041579002
36 6 153.606475182843
36 7 111.529153279040
36 8 90.2522446995619
36 9 77.4610445157771
36 10 68.4601531895615
36 11 61.5064586588613
36 12 55.8762082910085
36 13 51.1988635033544
36 14 47.2457118693980
36 15 43.8595380187317
36 16 40.9263303587955
36 17 38.3608657788109
36 18 36.0980618300173
36 19 34.0873416514264
36 20 32.2888033201936
36 21 30.6705442607382
36 22 29.2067522770113
36 23 27.8763183907151
36 24 26.6618122992303
36 25 25.5487144746138
36 26 24.5248329075220
36 27 23.5798546934774
36 28 22.7049974411280
36 29 21.8927355048619
36 30 21.1365829512853
36 31 20.4309200008014
36 32 19.7708531123639
36 33 19.1521013410899
36 34 18.5709033877187
36 35 18.0239410739091
36 36 17.5082759537715
36 37 17.0212965040136
36 38 16.5606738887845
36 39 16.1243247177022
36 40 15.7103795403586
36 41 15.3171560722304
36 42 14.9431363432661
36 43 14.5869471146322
36 44 14.2473430310100
36 45 13.9231920727724
36 46 13.6134629499078
36 47 13.3172141419037
36 48 13.0335843381997
36 49 12.7617840747612
37 2 1558.37158656629
37 3 781.460650375315
37 4 418.896344750622
37 5 233.972691519174
37 6 147.154056309214
37 7 107.231101895965
37 8 87.0016412067317
37 9 74.7674190508961
37 10 66.1162479638569
37 11 59.4161688083353
37 12 53.9856709627765
37 13 49.4722328321841
37 14 45.6566440588510
37 15 42.3877076123207
37 16 39.5556319105313
37 17 37.0783022911925
37 18 34.8929900057875
37 19 32.9509355839397
37 20 31.2136630824429
37 21 29.6504045142640
37 22 28.2362616793450
37 23 26.9508701141781
37 24 25.7774120821460
37 25 24.7018766561783
37 26 23.7124976159974
37 27 22.7993212259881
37 28 21.9538701797859
37 29 21.1688796415808
37 30 20.4380879616837
37 31 19.7560692950039
37 32 19.1180986504183
37 33 18.5200422694664
37 34 17.9582679561112
37 35 17.4295712460100
37 36 16.9311142444081
37 37 16.4603746670554
37 38 16.0151031521237
37 39 15.5932873181965
37 40 15.1931213564749
37 41 14.8129801879132
37 42 14.4513974052777
37 43 14.1070463688154
37 44 13.7787239417579
37 45 13.4653364453743
37 46 13.1658874880550
37 47 12.8794673830449
37 48 12.6052439180516
37 49 12.3424542794453
38 2 1505.09061011525
38 3 754.004543001537
38 4 402.132099173682
38 5 224.107580419843
38 6 141.228121433337
38 7 103.275331277533
38 8 84.0003048763627
38 9 72.2749374751267
38 10 63.9451088073226
38 11 57.4790855396348
38 12 52.2333270862686
38 13 47.8716081542503
38 14 44.1834017223580
38 15 41.0230495227707
38 16 38.2846558721901
38 17 35.8889791932698
38 18 33.7754672867173
38 19 31.8970417544549
38 20 30.2165459486823
38 21 28.7042617732794
38 22 27.3361369267722
38 23 26.0924960874332
38 24 24.9570885975584
38 25 23.9163744184928
38 26 22.9589815886823
38 27 22.0752889765689
38 28 21.2571018212785
38 29 20.4973968481807
38 30 19.7901201542190
38 31 19.1300255421532
38 32 18.5125441644087
38 33 17.9336786234286
38 34 17.3899163377560
38 35 16.8781582051232
38 36 16.3956595014616
38 37 15.9399806353510
38 38 15.5089458923943
38 39 15.1006086969436
38 40 14.7132222208171
38 41 14.3452144028331
38 42 13.9951666257409
38 43 13.6617954407022
38 44 13.3439368429884
38 45 13.0405326928401
38 46 12.7506189476539
38 47 12.4733154297454
38 48 12.2078169008898
38 49 11.9533852529941
39 2 1455.99096196400
39 3 728.494668115593
39 4 386.604813967582
39 5 215.009641340080
39 6 135.770447591028
39 7 99.6242531173809
39 8 81.2215386449292
39 9 69.9625400638942
39 10 61.9288770880729
39 11 55.6794635529202
39 12 50.6050112582861
39 13 46.3840915518285
39 14 42.8141405060859
39 15 39.7546127282443
39 16 37.1032191222355
39 17 34.7833806695255
39 18 32.7365631385525
39 19 30.9172471292259
39 20 29.2894997292220
39 21 27.8245768525112
39 22 26.4992110771215
39 23 25.2943665981955
39 24 24.1943190660899
39 25 23.1859655240019
39 26 22.2583000011291
39 27 21.4020101512650
39 28 20.6091635475677
39 29 19.8729612145619
39 30 19.1875421642748
39 31 18.5478270331141
39 32 17.9493919885470
39 33 17.3883662827964
39 34 16.8613484365886
39 35 16.3653372166659
39 36 15.8976744477932
39 37 15.4559973577153
39 38 15.0381986512377
39 39 14.6423928894128
39 40 14.2668880419716
39 41 13.9101613075423
39 42 13.5708384729015
39 43 13.2476762213329
39 44 12.9395469099390
39 45 12.6454254230615
39 46 12.3643777788176
39 47 12.0955512219383
39 48 11.8381655815141
39 49 11.5915057091620
40 1 150271.164165201
40 2 1410.60900118160
40 3 704.736428208090
40 4 372.189150599998
40 5 206.598229120524
40 6 130.730748706192
40 7 96.2454077042843
40 8 78.6422278404427
40 9 67.8119393214227
40 10 60.0520161421487
40 11 54.0035925411140
40 12 49.0883840056718
40 13 44.9984454375488
40 14 41.5385394708325
40 15 38.5728538095586
40 16 36.0024467315215
40 17 33.7532127998523
40 18 31.7684932993888
40 19 30.0042181327575
40 20 28.4255922337360
40 21 27.0047773118135
40 22 25.7192359611920
40 23 24.5505272686933
40 24 23.4834165246821
40 25 22.5052074459547
40 26 21.6052346232488
40 27 20.7744730667935
40 28 20.0052344985003
40 29 19.2909287091983
40 30 18.6258742791004
40 31 18.0051471459246
40 32 17.4244584762267
40 33 16.8800554311799
40 34 16.3686399713627
40 35 15.8873019873587
40 36 15.4334638915396
40 37 15.0048344428734
40 38 14.5993700582783
40 39 14.2152422316586
40 40 13.8508099645561
40 41 13.5045963315275
40 42 13.1752684744324
40 43 12.8616204542338
40 44 12.5625584952083
40 45 12.2770882410090
40 46 12.0043037096738
40 47 11.7433776890798
40 48 11.4935533583393
40 49 11.2541369563781
41 1 51679.2569923785
41 2 1368.54596024802
41 3 682.559806879389
41 4 358.775620636672
41 5 198.803171902110
41 6 126.065406605715
41 7 93.1106400030707
41 8 76.2422709272337
41 9 65.8071864986908
41 10 58.3009524373933
41 11 52.4394846143652
41 12 47.6726520939209
41 13 43.7048385646993
41 14 40.3475682289912
41 15 37.4694219124142
41 16 34.9745722057327
41 17 32.7912170541840
41 18 30.8644448785287
41 19 29.1515359924262
41 20 27.6187557284433
41 21 26.2391100707576
41 22 24.9907421422195
41 23 23.8557656630608
41 24 22.8194024796294
41 25 21.8693355430635
41 26 20.9952170568522
41 27 20.1882900470941
41 28 19.4410939699533
41 29 18.7472333610582
41 30 18.1011943196458
41 31 17.4981976729740
41 32 16.9340805433636
41 33 16.4052001084291
41 34 15.9083548495228
41 35 15.4407196898598
41 36 14.9997922458746
41 37 14.5833480320254
41 38 14.1894029260100
41 39 13.8161815576050
41 40 13.4620905584271
41 41 13.1256958223516
41 42 12.8057030921549
41 43 12.5009413182574
41 44 12.2103483384917
41 45 11.9329585097979
41 46 11.6678919883407
41 47 11.4143454073030
41 48 11.1715837442736
41 49 10.9389332048157
42 1 31299.1535973746
42 2 1329.45713834683
42 3 661.815665786146
42 4 346.268211381769
42 5 191.563170890623
42 6 121.736432717194
42 7 90.1954265236672
42 8 74.0041137112515
42 9 63.9343158442524
42 10 56.6637803788670
42 11 50.9766168221129
42 12 46.3483379965257
42 13 42.4946366212933
42 14 39.2332949264593
42 15 36.4369814084046
42 16 34.0127727332201
42 17 31.8910164586275
42 18 30.0184320845587
42 19 28.3535609101722
42 20 26.8636586183530
42 21 25.5225198148519
42 22 24.3089233768478
42 23 23.2055012289652
42 24 22.1979018326863
42 25 21.2741625383494
42 26 20.4242323892383
42 27 19.6396049188471
42 28 18.9130324567275
42 29 18.2383015879355
42 30 17.6100550203611
42 31 17.0236490424288
42 32 16.4750385425278
42 33 15.9606835667815
42 34 15.4774728506334
42 35 15.0226608327721
42 36 14.5938154572723
42 37 14.1887746680192
42 38 13.8056099522828
42 39 13.4425956359572
42 40 13.0981828989182
42 41 12.7709776851105
42 42 12.4597218429030
42 43 12.1632769577244
42 44 11.8806104390132
42 45 11.6107835030867
42 46 11.3529407572112
42 47 11.1063011413704
42 48 10.8701500256556
42 49 10.6438322948543
43 1 22502.2543739279
43 2 1293.04316250083
43 3 642.372683516995
43 4 334.582419131001
43 5 184.824478962321
43 6 117.710613779969
43 7 87.4783222379430
43 8 71.9123660001945
43 9 62.1810509809214
43 10 55.1300181084051
43 11 49.6057178900537
43 12 45.1070888434492
43 13 41.3602286395915
43 14 38.1887270423025
43 15 35.4690648494994
43 16 33.1110325646002
43 17 31.0469880197900
43 18 29.2251765719075
43 19 27.6053194055667
43 20 26.1555990143476
43 21 24.8505481353228
43 22 23.6695407733933
43 23 22.5956939988605
43 24 21.6150557143086
43 25 20.7159951267088
43 26 19.8887392619181
43 27 19.1250162655975
43 28 18.4177778479984
43 29 17.7609811161600
43 30 17.1494154792693
43 31 16.5785641247535
43 32 16.0444922693287
43 33 15.5437563356272
43 34 15.0733296212635
43 35 14.6305410690085
43 36 14.2130245209772
43 37 13.8186764206374
43 38 13.4456203662080
43 39 13.0921772547355
43 40 12.7568400144693
43 41 12.4382521234220
43 42 12.1351892683514
43 43 11.8465436212815
43 44 11.5713103078654
43 45 11.3085757192191
43 46 11.0575073807306
43 47 10.8173451411284
43 48 10.5873934853491
43 49 10.3670148074606
44 1 17602.7511860888
44 2 1259.04287295631
44 3 624.114811432819
44 4 323.643611663270
44 5 178.539803886932
44 6 113.958805244296
44 7 84.9405036724477
44 8 69.9534843965697
44 9 60.5365612493163
44 10 53.6904044187151
44 11 48.3185906565777
44 12 43.9415172668033
44 13 40.2948823517358
44 14 37.2076787162132
44 15 34.5599504126030
44 16 32.2640291368575
44 17 30.2541563804282
44 18 28.4800076942178
44 19 26.9024103966254
44 20 25.4904159985485
44 21 24.2192494369128
44 22 23.0688428807143
44 23 22.0227684640554
44 24 21.0674488007051
44 25 20.1915644371173
44 26 19.3856032171680
44 27 18.6415134289932
44 28 17.9524338799431
44 29 17.3124817038048
44 30 16.7165839902308
44 31 16.1603430291487
44 32 15.6399275925720
44 33 15.1519845675087
44 34 14.6935666299604
44 35 14.2620726625528
44 36 13.8551983709093
44 37 13.4708951185800
44 38 13.1073354278806
44 39 12.7628839204127
44 40 12.4360727222312
44 41 12.1255805533760
44 42 11.8302148735387
44 43 11.5488965751469
44 44 11.2806468096793
44 45 11.0245756082405
44 46 10.7798720176149
44 47 10.5457955214483
44 48 10.3216685553687
44 49 10.1068699566905
45 1 14482.7116384224
45 2 1227.22749404577
45 3 606.939148346036
45 4 313.385658192945
45 5 172.667393525198
45 6 110.455343895783
45 7 82.5653895121924
45 8 68.1155084532530
45 9 58.9912584800265
45 10 52.3367290119186
45 11 47.1079635008011
45 12 42.8450681665633
45 13 39.2926230741489
45 14 36.2846596424057
45 15 33.7045592560732
45 16 31.4670376917236
45 17 29.5081047402059
45 18 27.7787789467705
45 19 26.2409265197879
45 20 24.8644152841774
45 21 23.6251204841627
45 22 22.5034987349626
45 23 21.4835497907271
45 24 20.5520484127698
45 25 19.6979677652500
45 26 18.9120408460771
45 27 18.1864228800401
45 28 17.5144285600469
45 29 16.8903254666942
45 30 16.3091701354398
45 31 15.7666768412448
45 32 15.2591117279353
45 33 14.7832067490847
45 34 14.3360892260234
45 35 13.9152238136665
45 36 13.5183643970802
45 37 13.1435139912018
45 38 12.7888911321915
45 39 12.4529015665798
45 40 12.1341142888668
45 41 11.8312411677968
45 42 11.5431195495535
45 43 11.2686973424697
45 44 11.0070201798786
45 45 10.7572203309674
45 46 10.5185070881060
45 47 10.2901584062770
45 48 10.0715136083763
45 49 9.86196700114879
46 1 12323.2668417890
46 2 1197.39582965750
46 3 590.754156477661
46 4 303.749777780268
46 5 167.170269255635
46 6 107.177557261017
46 7 80.3383240271589
46 8 66.3878401340894
46 9 57.5366266630043
46 10 51.0616899520687
46 11 45.9673654445406
46 12 41.8119066544814
46 13 38.3481318215419
46 14 35.4147815919744
46 15 32.8983691540014
46 16 30.7158510141206
46 17 28.8048998925874
46 18 27.1177976460540
46 19 25.6173879110244
46 20 24.2743066464161
46 21 23.0650411009501
46 22 21.9705415034162
46 23 20.9752101296470
46 24 20.0661532509871
46 25 19.2326195240347
46 26 18.4655727712365
46 27 17.7573630723006
46 28 17.1014707477218
46 29 16.4923050591635
46 30 15.9250444526108
46 31 15.3955086747029
46 32 14.9000555821210
46 33 14.4354972548206
46 34 13.9990313274642
46 35 13.5881844126631
46 36 13.2007652027411
46 37 12.8348253719243
46 38 12.4886268061304
46 39 12.1606139970007
46 40 11.8493906750039
46 41 11.5536999411377
46 42 11.2724073009773
46 43 11.0044861181904
46 44 10.7490050943274
46 45 10.5051174530614
46 46 10.2720515641755
46 47 10.0491027885540
46 48 9.83562636261165
46 49 9.63103117080759
47 1 10741.0504655462
47 2 1169.37028085383
47 3 575.478157000677
47 4 294.683567098489
47 5 162.015580767271
47 6 104.105351989431
47 7 78.2463116912514
47 8 64.7610586092019
47 9 56.1650785303986
47 10 49.8587734133710
47 11 44.8910206871872
47 12 40.8368233918119
47 13 37.4566592183695
47 14 34.5936794193800
47 15 32.1373415061529
47 16 30.0067115959487
47 17 28.1410288628508
47 18 26.4937654887069
47 19 25.0286862290522
47 20 23.7171510285876
47 21 22.5362240379639
47 22 21.4673208393989
47 23 20.4952232234911
47 24 19.6073500518788
47 25 18.7932097722950
47 26 18.0439838925991
47 27 17.3522062684638
47 28 16.7115134407299
47 29 16.1164483128253
47 30 15.5623043300267
47 31 15.0450007363668
47 32 14.5609819105052
47 33 14.1071355269990
47 34 13.6807255597859
47 35 13.2793370796160
47 36 12.9008304922581
47 37 12.5433033860197
47 38 12.2050585522266
47 39 11.8845770440269
47 40 11.5804953711401
47 41 11.2915861082671
47 42 11.0167413355260
47 43 10.7549584398463
47 44 10.5053278937233
47 45 10.2670226973497
47 46 10.0392892258559
47 47 9.82143926822448
47 48 9.61284308071180
47 49 9.41292330708357
48 1 9532.66683657711
48 2 1142.99352735423
48 3 561.038055808607
48 4 286.140176179726
48 5 157.174060712664
48 6 101.220867005554
48 7 76.2777937306975
48 8 63.2267640311292
48 9 54.8698342705328
48 10 48.7221518003779
48 11 43.8737591716378
48 12 39.9151542833667
48 13 36.6139524521439
48 14 33.8174440281657
48 15 31.4178593929463
48 16 29.3362540609640
48 17 27.5133451271517
48 18 25.9037280959500
48 19 24.4720371381361
48 20 23.1903156401323
48 21 22.0361724131777
48 22 20.9914624330843
48 23 20.0413258686794
48 24 19.1734767885297
48 25 18.3776690039127
48 26 17.6452896338428
48 27 16.9690461281314
48 28 16.3427226018818
48 29 15.7609882109830
48 30 15.2192450471823
48 31 14.7135063600275
48 32 14.2402982781829
48 33 13.7965799045408
48 34 13.3796778986237
48 35 12.9872325717432
48 36 12.6171531984732
48 37 12.2675807569996
48 38 11.9368566964097
48 39 11.6234966234096
48 40 11.3261680275987
48 41 11.0436713401937
48 42 10.7749237583670
48 43 10.5189453752830
48 44 10.2748472412966
48 45 10.0418210497332
48 46 9.81913019505827
48 47 9.60610199501661
48 48 9.40212090372777
48 49 9.20662257150169
49 1 8580.18213661804
49 2 1118.12574827396
49 3 547.368259790423
49 4 278.077606823155
49 5 152.619561911695
49 6 98.5081800352009
49 7 74.4224591830779
49 8 61.7774451978750
49 9 53.6448185294658
49 10 47.6465970796678
49 11 42.9109404376693
49 12 39.0427120766666
49 13 35.8161930442555
49 14 33.0825652574699
49 15 30.7366747936879
49 16 28.7014561031533
49 17 26.9190227813633
49 18 25.3450320140428
49 19 23.9449398108642
49 20 22.6914356866624
49 21 21.5626434371011
49 22 20.5408335343238
49 23 19.6114850661191
49 24 18.7625913025139
49 25 17.9841381331797
49 26 17.2677071692316
49 27 16.6061700775971
49 28 15.9934505844336
49 29 15.4243372919789
49 30 14.8943350866790
49 31 14.3995461645954
49 32 13.9365740083364
49 33 13.5024453108836
49 34 13.0945460511709
49 35 12.7105688165712
49 36 12.3484691294691
49 37 12.0064290320923
49 38 11.6828265602075
49 39 11.3762100238048
49 40 11.0852762342384
49 41 10.8088519889556
49 42 10.5458782590279
49 43 10.2953966301119
49 44 10.0565376308739
49 45 9.82851064929807
49 46 9.61059519043337
49 47 9.40213327190251
49 48 9.20252278808586
49 49 9.01121170201679
[[7, 1]]
